
# epoxide hydrolase data
# from: Constructing and Analyzing the Fitness Landscape of an Experimental Evolutionary Process
# Table S2. Experimental results obtained for the mutants as catalysts in the hydrolytic kinetic resolution of rac-1

# B mutations: L215F, A217N, R219S
# C mutations: M329P, L330Y
# D mutations: C350V
# E mutations: T317W, T318V
# F mutations: L249Y


>header

has_mutB, has_mutC, has_mutD, has_mutE, has_mutF, eep, ees, c, E-value, ddG (Kcal/mol)


>data
 0,0,0,0,0,57.3,10.7,18,4,-0.85
 1,1,1,1,1,95,94,48,115,-2.87
 0,1,1,1,1,85.4,6.6,8,14,-1.58
 1,0,1,1,1,96.0,61.1,43,91,-2.73
 1,1,0,1,1,93.8,40.1,34,46,-2.32
 1,1,1,0,1,90.9,41.8,35,32,-2.09
 1,1,1,1,0,89.9,95.3,56,70,-2.57
 0,0,1,1,1,88.0,11.8,14,18,-1.74
 0,1,0,1,1,88.6,9.0,11,18,-1.75
 0,1,1,0,1,63.0,3.4,6,5,-0.92
 0,1,1,1,0,83.9,6.2,8,12,-1.51
 1,0,0,1,1,94.0,44.0,36,50,-2.37
 1,0,1,0,1,86.8,40.8,36,21,-1.85
 1,0,1,1,0,92.5,69.4,47,53,-2.41
 1,1,0,0,1,90.5,24.5,24,26,-1.96
 1,1,0,1,0,89.9,60.6,44,35,-2.15
 1,1,1,0,0,85.9,59.4,45,24,-1.92
 0,0,0,1,1,90.4,12.7,14,22,-1.88
 0,0,1,0,1,59.5,9.7,16,4,-0.89
 0,0,1,1,0,88.0,10.6,13,17,-1.73
 0,1,0,0,1,64.4,8.6,14,5,-0.98
 0,1,0,1,0,45.8,0.6,1,3,-0.60
 0,1,1,0,0,61.8,4.7,9,4,-0.90
 1,0,0,0,1,87.7,46.6,39,24,-1.93
 1,0,0,1,0,90.9,57.7,43,38,-2.19
 1,0,1,0,0,81.6,47.8,41,16,-1.67
 1,1,0,0,0,83.2,63.6,48,21,-1.84
 1,0,0,0,0,81.5,50.4,43,16,-1.68
 0,1,0,0,0,59.1,7.6,13,4,-0.87
 0,0,1,0,0,60.0,9.0,15,4,-0.89
 0,0,0,1,0,87.1,9.7,12,16,-1.68
 0,0,0,0,1,53.8,12.7,22,4,-0.80
