>header
sequence name, functional

>data
22211111212122, 1
22212111112122, 1
22222122122112, 1
22222122221222, 1
11112111111111, 1
11211111112111, 1
11111111211111, 1
22221222222222, 1
22211112212112, 1
22122111222122, 1
11111111111111, 1
22222222222222, 1
22221122222222, 1
11211111212111, 1
22221122221222, 1
21111212212112, 1
22222122121222, 1
22211111222122, 1
11211111122111, 1
21221111222122, 1
22222122122222, 1
22222221222222, 1
22222122222222, 1
22221122122222, 1
22121122122222, 1
22222222222122, 1
22211111122222, 1
22222222212222, 1
22221222122222, 1
22211111112112, 1
22221122222112, 1
22222222122222, 1
